header:
  seq: 999
  stamp:
    secs: 1435607489
    nsecs: 924811809
  frame_id: world
status:
  status: 0
  service: 1
latitude: 24.44058429490122
longitude: 54.568417415225284
altitude: -1.0
position_covariance: [3.9561210000000004, 0.0, 0.0, 0.0, 3.9561210000000004, 0.0, 0.0, 0.0, 7.650756]
position_covariance_type: 2